457: 1 (+1 -0)
458: 2 (+1 -0)
466: 3 (+1 -0)
474: 2 (+0 -1)
475: 1 (+0 -1)
477: 2 (+1 -0)
479: 3 (+1 -0)
486: 2 (+0 -1)
488: 1 (+0 -1)
490: 0 (+0 -1)
501: 1 (+1 -0)
502: 2 (+1 -0)
510: 3 (+1 -0)
518: 2 (+0 -1)
519: 1 (+0 -1)
522: 2 (+1 -0)
530: 3 (+1 -0)
531: 4 (+1 -0)
541: 5 (+1 -0)
550: 4 (+0 -1)
551: 3 (+0 -1)
554: 4 (+1 -0)
556: 5 (+1 -0)
565: 4 (+0 -1)
567: 3 (+0 -1)
569: 2 (+0 -1)
572: 1 (+0 -1)
574: 0 (+0 -1)
580: 1 (+1 -0)
581: 2 (+1 -0)
582: 3 (+1 -0)
590: 2 (+0 -1)
591: 1 (+0 -1)
593: 2 (+1 -0)
594: 3 (+1 -0)
595: 4 (+1 -0)
603: 3 (+0 -1)
608: 4 (+1 -0)
615: 3 (+0 -1)
652: 2 (+0 -1)
655: 3 (+1 -0)
674: 2 (+0 -1)
678: 2 (+1 -1)
680: 3 (+1 -0)
681: 4 (+1 -0)
689: 5 (+1 -0)
695: 4 (+0 -1)
698: 5 (+1 -0)
700: 4 (+0 -1)
702: 3 (+0 -1)
703: 2 (+0 -1)
705: 3 (+1 -0)
706: 4 (+1 -0)
707: 5 (+1 -0)
708: 6 (+1 -0)
711: 5 (+0 -1)
712: 6 (+1 -0)
714: 5 (+0 -1)
715: 4 (+0 -1)
716: 3 (+0 -1)
718: 4 (+1 -0)
720: 5 (+1 -0)
722: 4 (+0 -1)
725: 5 (+1 -0)
759: 6 (+1 -0)
761: 5 (+0 -1)
762: 6 (+1 -0)
763: 6 (+1 -1)
764: 6 (+1 -1)
766: 7 (+1 -0)
768: 6 (+0 -1)
770: 5 (+0 -1)
774: 4 (+0 -1)
777: 5 (+1 -0)
791: 6 (+1 -0)
798: 7 (+1 -0)
812: 6 (+0 -1)
814: 5 (+0 -1)
828: 4 (+0 -1)
832: 3 (+0 -1)
833: 2 (+0 -1)
835: 3 (+1 -0)
836: 4 (+1 -0)
841: 3 (+0 -1)
842: 4 (+1 -0)
845: 3 (+0 -1)
847: 4 (+1 -0)
854: 3 (+0 -1)
856: 4 (+1 -0)
860: 3 (+0 -1)
862: 2 (+0 -1)
864: 3 (+1 -0)
866: 2 (+0 -1)
868: 1 (+0 -1)
871: 2 (+1 -0)
872: 3 (+1 -0)
873: 4 (+1 -0)
876: 5 (+1 -0)
877: 6 (+1 -0)
878: 7 (+1 -0)
887: 6 (+0 -1)
889: 6 (+1 -1)
891: 5 (+0 -1)
892: 4 (+0 -1)
893: 3 (+0 -1)
897: 4 (+1 -0)
898: 5 (+1 -0)
899: 6 (+1 -0)
902: 5 (+0 -1)
903: 6 (+1 -0)
906: 7 (+1 -0)
909: 6 (+0 -1)
910: 7 (+1 -0)
911: 8 (+1 -0)
914: 7 (+0 -1)
915: 8 (+1 -0)
918: 7 (+0 -1)
919: 6 (+0 -1)
921: 7 (+1 -0)
923: 8 (+1 -0)
930: 7 (+0 -1)
931: 6 (+0 -1)
934: 7 (+1 -0)
937: 6 (+0 -1)
940: 7 (+1 -0)
943: 6 (+0 -1)
949: 7 (+1 -0)
952: 6 (+0 -1)
953: 7 (+1 -0)
958: 6 (+0 -1)
960: 7 (+1 -0)
963: 6 (+0 -1)
969: 7 (+1 -0)
972: 6 (+0 -1)
973: 7 (+1 -0)
974: 7 (+1 -1)
975: 7 (+1 -1)
976: 6 (+0 -1)
978: 7 (+1 -0)
980: 8 (+1 -0)
984: 7 (+0 -1)
985: 6 (+0 -1)
989: 5 (+0 -1)
990: 6 (+1 -0)
992: 5 (+0 -1)
993: 4 (+0 -1)
994: 3 (+0 -1)
996: 2 (+0 -1)
